24
0 85 42 73 70 50 50 48 69 66 33 10 70 12 68 77 36 77 37 66 32 21 72 85 
85 0 78 12 65 44 37 43 28 75 107 82 19 93 109 67 57 29 59 147 116 80 116 29 
42 78 0 71 96 66 57 35 51 96 37 50 59 38 108 38 59 85 20 104 56 21 113 92 
73 12 71 0 55 31 25 36 27 63 97 70 16 82 97 67 45 21 52 134 105 71 104 24 
70 65 96 55 0 32 43 70 76 11 103 60 67 82 49 111 37 37 77 106 99 82 55 41 
50 44 66 31 32 0 11 38 46 36 80 43 38 61 66 78 15 27 46 105 83 56 73 34 
50 37 57 25 43 11 0 27 35 48 77 45 28 60 77 67 20 29 37 109 82 51 83 36 
48 43 35 36 70 38 27 0 21 73 65 49 24 54 97 41 39 51 16 115 77 38 103 57 
69 28 51 27 76 46 35 21 0 83 85 69 11 75 111 39 53 48 36 135 98 59 118 51 
66 75 96 63 11 36 48 73 83 0 99 55 74 78 38 114 37 47 79 96 93 80 44 52 
33 107 37 97 103 80 77 65 85 99 0 43 89 21 97 75 68 106 48 71 21 26 100 113 
10 82 50 70 60 43 45 49 69 55 43 0 68 22 58 82 28 70 41 66 40 29 63 78 
70 19 59 16 67 38 28 24 11 74 89 68 0 77 105 50 48 37 41 134 100 62 111 40 
12 93 38 82 82 61 60 54 75 78 21 22 77 0 78 76 48 88 40 65 23 18 81 95 
68 109 108 97 49 66 77 97 111 38 97 58 105 78 0 136 58 84 96 67 84 88 6 89 
77 67 38 67 111 78 67 41 39 114 75 82 50 76 136 0 79 87 40 141 94 58 141 91 
36 57 59 45 37 15 20 39 53 37 68 28 48 48 58 79 0 42 42 90 68 45 64 50 
77 29 85 21 37 27 29 51 48 47 106 70 37 88 84 87 42 0 65 131 110 80 91 7 
37 59 20 52 77 46 37 16 36 79 48 41 41 40 96 40 42 65 0 104 62 23 101 71 
66 147 104 134 106 105 109 115 135 96 71 66 134 65 67 141 90 131 104 0 50 83 65 138 
32 116 56 105 99 83 82 77 98 93 21 40 100 23 84 94 68 110 62 50 0 39 85 117 
21 80 21 71 82 56 51 38 59 80 26 29 62 18 88 58 45 80 23 83 39 0 92 87 
72 116 113 104 55 73 83 103 118 44 100 63 111 81 6 141 64 91 101 65 85 92 0 96 
85 29 92 24 41 34 36 57 51 52 113 78 40 95 89 91 50 7 71 138 117 87 96 0 
