18
0 85 42 73 70 50 50 48 69 66 33 10 70 12 68 77 36 77 
85 0 78 12 65 44 37 43 28 75 107 82 19 93 109 67 57 29 
42 78 0 71 96 66 57 35 51 96 37 50 59 38 108 38 59 85 
73 12 71 0 55 31 25 36 27 63 97 70 16 82 97 67 45 21 
70 65 96 55 0 32 43 70 76 11 103 60 67 82 49 111 37 37 
50 44 66 31 32 0 11 38 46 36 80 43 38 61 66 78 15 27 
50 37 57 25 43 11 0 27 35 48 77 45 28 60 77 67 20 29 
48 43 35 36 70 38 27 0 21 73 65 49 24 54 97 41 39 51 
69 28 51 27 76 46 35 21 0 83 85 69 11 75 111 39 53 48 
66 75 96 63 11 36 48 73 83 0 99 55 74 78 38 114 37 47 
33 107 37 97 103 80 77 65 85 99 0 43 89 21 97 75 68 106 
10 82 50 70 60 43 45 49 69 55 43 0 68 22 58 82 28 70 
70 19 59 16 67 38 28 24 11 74 89 68 0 77 105 50 48 37 
12 93 38 82 82 61 60 54 75 78 21 22 77 0 78 76 48 88 
68 109 108 97 49 66 77 97 111 38 97 58 105 78 0 136 58 84 
77 67 38 67 111 78 67 41 39 114 75 82 50 76 136 0 79 87 
36 57 59 45 37 15 20 39 53 37 68 28 48 48 58 79 0 42 
77 29 85 21 37 27 29 51 48 47 106 70 37 88 84 87 42 0 
